// @generated contiguous source state ids 25600..=26623; do not edit
[
    28331,
    28332,
    28333,
    28334,
    28335,
    28336,
    28337,
    28338,
    28339,
    28340,
    28341,
    28342,
    28343,
    28344,
    28345,
    28346,
    28347,
    28348,
    28349,
    28350,
    28351,
    28352,
    28353,
    28354,
    28355,
    28356,
    28357,
    28358,
    28359,
    28360,
    28361,
    28362,
    28363,
    28364,
    28365,
    28366,
    28367,
    28208,
    28209,
    28210,
    28211,
    28212,
    28213,
    28214,
    28215,
    28216,
    28217,
    28218,
    28219,
    28220,
    28221,
    28222,
    28223,
    28224,
    28225,
    28226,
    28227,
    28228,
    28229,
    28230,
    28231,
    28232,
    28233,
    28234,
    28235,
    28236,
    28237,
    28238,
    28239,
    28240,
    28241,
    28242,
    28243,
    28244,
    28245,
    28246,
    28247,
    28248,
    28249,
    28250,
    28251,
    28252,
    28253,
    28254,
    28255,
    28256,
    28257,
    28258,
    28259,
    28260,
    28261,
    28262,
    28263,
    28264,
    28265,
    28266,
    28267,
    28268,
    28269,
    28270,
    28271,
    28272,
    28273,
    28274,
    28275,
    28276,
    28277,
    28278,
    28279,
    28280,
    28281,
    28282,
    28283,
    28284,
    28285,
    28286,
    28287,
    28128,
    28129,
    28130,
    28131,
    28132,
    28133,
    28134,
    28135,
    28136,
    28137,
    28138,
    28139,
    28140,
    28141,
    28142,
    28143,
    28144,
    28145,
    28146,
    28147,
    28148,
    28149,
    28150,
    28151,
    28152,
    28153,
    28154,
    28155,
    28156,
    28157,
    28158,
    28159,
    28160,
    28161,
    28162,
    28163,
    28164,
    28165,
    28166,
    28167,
    28168,
    28169,
    28170,
    28171,
    28172,
    28173,
    28174,
    28175,
    28176,
    28177,
    28178,
    28179,
    28180,
    28181,
    28182,
    28183,
    28184,
    28185,
    28186,
    28187,
    28188,
    28189,
    28190,
    28191,
    28192,
    28193,
    28194,
    28195,
    28196,
    28197,
    28198,
    28199,
    28200,
    28201,
    28202,
    28203,
    28204,
    28205,
    28206,
    28207,
    28490,
    28491,
    28492,
    28493,
    28494,
    28495,
    28484,
    28485,
    28486,
    28487,
    28488,
    28489,
    28478,
    28479,
    28480,
    28481,
    28482,
    28483,
    28472,
    28473,
    28474,
    28475,
    28476,
    28477,
    28496,
    28497,
    28498,
    28499,
    28500,
    28501,
    28502,
    28503,
    28504,
    28505,
    28506,
    28507,
    28508,
    28509,
    28510,
    28511,
    28512,
    28513,
    28514,
    28515,
    28516,
    28517,
    28518,
    28519,
    28520,
    28521,
    28522,
    28523,
    28524,
    28525,
    28526,
    28527,
    28528,
    28529,
    28530,
    28531,
    28532,
    28533,
    28534,
    28535,
    28536,
    28537,
    28538,
    28539,
    28540,
    28541,
    28542,
    28543,
    28544,
    28545,
    28546,
    28547,
    28548,
    28549,
    28550,
    28551,
    28552,
    28553,
    28554,
    28555,
    28556,
    28557,
    28558,
    28559,
    28560,
    28561,
    28562,
    28563,
    28564,
    28565,
    28566,
    28567,
    28568,
    28569,
    28570,
    28571,
    28572,
    28573,
    28574,
    28575,
    28576,
    28577,
    28578,
    28579,
    28580,
    28581,
    28582,
    28583,
    28584,
    28585,
    28586,
    28587,
    28588,
    28589,
    28590,
    28591,
    28592,
    28593,
    28594,
    28595,
    28596,
    28597,
    28598,
    28599,
    28600,
    28601,
    28602,
    28603,
    28604,
    28605,
    28606,
    28607,
    28608,
    28609,
    28610,
    28611,
    28612,
    28613,
    28614,
    28615,
    28616,
    28617,
    28618,
    28619,
    28620,
    28621,
    28622,
    28623,
    28688,
    28689,
    28690,
    28691,
    28692,
    28693,
    28694,
    28695,
    28696,
    28697,
    28698,
    28699,
    28700,
    28701,
    28702,
    28703,
    28704,
    28705,
    28706,
    28707,
    28708,
    28709,
    28710,
    28711,
    28712,
    28713,
    28714,
    28715,
    28716,
    28717,
    28718,
    28719,
    28720,
    28721,
    28722,
    28723,
    28724,
    28725,
    28726,
    28727,
    28728,
    28729,
    28730,
    28731,
    28732,
    28733,
    28734,
    28735,
    28736,
    28737,
    28738,
    28739,
    28740,
    28741,
    28742,
    28743,
    28744,
    28745,
    28746,
    28747,
    28748,
    28749,
    28750,
    28751,
    28624,
    28625,
    28626,
    28627,
    28628,
    28629,
    28630,
    28631,
    28632,
    28633,
    28634,
    28635,
    28636,
    28637,
    28638,
    28639,
    28640,
    28641,
    28642,
    28643,
    28644,
    28645,
    28646,
    28647,
    28648,
    28649,
    28650,
    28651,
    28652,
    28653,
    28654,
    28655,
    28656,
    28657,
    28658,
    28659,
    28660,
    28661,
    28662,
    28663,
    28664,
    28665,
    28666,
    28667,
    28668,
    28669,
    28670,
    28671,
    28672,
    28673,
    28674,
    28675,
    28676,
    28677,
    28678,
    28679,
    28680,
    28681,
    28682,
    28683,
    28684,
    28685,
    28686,
    28687,
    28752,
    28753,
    28754,
    28755,
    28756,
    28757,
    28758,
    28759,
    28760,
    28761,
    28762,
    28763,
    28764,
    28765,
    28766,
    28767,
    28768,
    28769,
    28770,
    28771,
    28772,
    28773,
    28774,
    28775,
    28776,
    28777,
    28778,
    28779,
    28780,
    28781,
    28782,
    28783,
    28784,
    28785,
    28786,
    28787,
    28788,
    28789,
    28790,
    28791,
    28792,
    28793,
    28794,
    28795,
    28796,
    28797,
    28798,
    28799,
    28800,
    28801,
    28802,
    28803,
    28804,
    28805,
    28806,
    28807,
    28808,
    28809,
    28810,
    28811,
    28812,
    28813,
    28814,
    28815,
    28816,
    28817,
    28818,
    28819,
    28820,
    28821,
    28822,
    28823,
    28824,
    28825,
    28826,
    28827,
    28828,
    28829,
    28830,
    28831,
    28832,
    28833,
    28834,
    28835,
    28836,
    28837,
    28838,
    28839,
    28840,
    28841,
    28842,
    28843,
    28844,
    28845,
    28846,
    28847,
    28848,
    28849,
    28850,
    28851,
    28852,
    28853,
    28854,
    28855,
    28856,
    28857,
    28858,
    28859,
    28860,
    28861,
    28862,
    28863,
    28864,
    28865,
    28866,
    28867,
    28868,
    28869,
    28870,
    28871,
    28872,
    28873,
    28874,
    28875,
    28876,
    28877,
    28878,
    28879,
    28944,
    28945,
    28946,
    28947,
    28948,
    28949,
    28950,
    28951,
    28952,
    28953,
    28954,
    28955,
    28956,
    28957,
    28958,
    28959,
    28960,
    28961,
    28962,
    28963,
    28964,
    28965,
    28966,
    28967,
    28968,
    28969,
    28970,
    28971,
    28972,
    28973,
    28974,
    28975,
    28976,
    28977,
    28978,
    28979,
    28980,
    28981,
    28982,
    28983,
    28984,
    28985,
    28986,
    28987,
    28988,
    28989,
    28990,
    28991,
    28992,
    28993,
    28994,
    28995,
    28996,
    28997,
    28998,
    28999,
    29000,
    29001,
    29002,
    29003,
    29004,
    29005,
    29006,
    29007,
    28880,
    28881,
    28882,
    28883,
    28884,
    28885,
    28886,
    28887,
    28888,
    28889,
    28890,
    28891,
    28892,
    28893,
    28894,
    28895,
    28896,
    28897,
    28898,
    28899,
    28900,
    28901,
    28902,
    28903,
    28904,
    28905,
    28906,
    28907,
    28908,
    28909,
    28910,
    28911,
    28912,
    28913,
    28914,
    28915,
    28916,
    28917,
    28918,
    28919,
    28920,
    28921,
    28922,
    28923,
    28924,
    28925,
    28926,
    28927,
    28928,
    28929,
    28930,
    28931,
    28932,
    28933,
    28934,
    28935,
    28936,
    28937,
    28938,
    28939,
    28940,
    28941,
    28942,
    28943,
    29008,
    29009,
    29010,
    29011,
    29012,
    29013,
    29014,
    29015,
    29016,
    29017,
    29018,
    29019,
    29020,
    29021,
    29022,
    29023,
    29024,
    29025,
    29026,
    29027,
    29028,
    29029,
    29030,
    29031,
    29032,
    29033,
    29034,
    29035,
    29036,
    29037,
    29038,
    29039,
    29040,
    29041,
    29042,
    29043,
    29044,
    29045,
    29046,
    29047,
    29048,
    29049,
    29050,
    29051,
    29052,
    29053,
    29054,
    29055,
    29056,
    29057,
    29058,
    29059,
    29060,
    29061,
    29062,
    29063,
    29064,
    29065,
    29066,
    29067,
    29068,
    29069,
    29070,
    29071,
    29072,
    29073,
    29074,
    29075,
    29076,
    29077,
    29078,
    29079,
    29080,
    29081,
    29082,
    29083,
    29084,
    29085,
    29086,
    29087,
    29088,
    29089,
    29090,
    29091,
    29092,
    29093,
    29094,
    29095,
    29096,
    29097,
    29098,
    29099,
    29100,
    29101,
    29102,
    29103,
    29104,
    29105,
    29106,
    29107,
    29108,
    29109,
    29110,
    29111,
    29112,
    29113,
    29114,
    29115,
    29116,
    29117,
    29118,
    29119,
    29120,
    29121,
    29122,
    29123,
    29124,
    29125,
    29126,
    29127,
    29128,
    29129,
    29130,
    29131,
    29132,
    29133,
    29134,
    29135,
    29200,
    29201,
    29202,
    29203,
    29204,
    29205,
    29206,
    29207,
    29208,
    29209,
    29210,
    29211,
    29212,
    29213,
    29214,
    29215,
    29216,
    29217,
    29218,
    29219,
    29220,
    29221,
    29222,
    29223,
    29224,
    29225,
    29226,
    29227,
    29228,
    29229,
    29230,
    29231,
    29232,
    29233,
    29234,
    29235,
    29236,
    29237,
    29238,
    29239,
    29240,
    29241,
    29242,
    29243,
    29244,
    29245,
    29246,
    29247,
    29248,
    29249,
    29250,
    29251,
    29252,
    29253,
    29254,
    29255,
    29256,
    29257,
    29258,
    29259,
    29260,
    29261,
    29262,
    29263,
    29136,
    29137,
    29138,
    29139,
    29140,
    29141,
    29142,
    29143,
    29144,
    29145,
    29146,
    29147,
    29148,
    29149,
    29150,
    29151,
    29152,
    29153,
    29154,
    29155,
    29156,
    29157,
    29158,
    29159,
    29160,
    29161,
    29162,
    29163,
    29164,
    29165,
    29166,
    29167,
    29168,
    29169,
    29170,
    29171,
    29172,
    29173,
    29174,
    29175,
    29176,
    29177,
    29178,
    29179,
    29180,
    29181,
    29182,
    29183,
    29184,
    29185,
    29186,
    29187,
    29188,
    29189,
    29190,
    29191,
    29192,
    29193,
    29194,
    29195,
    29196,
    29197,
    29198,
    29199,
    29264,
    29265,
    29266,
    29267,
    29268,
    29269,
    29270,
    29271,
    29272,
    29273,
    29274,
    29275,
    29276,
    29277,
    29278,
    29279,
    29280,
    29281,
    29282,
    29283,
    29284,
    29285,
    29286,
    29287,
    29288,
    29289,
    29290,
    29291,
    29292,
    29293,
    29294,
    29295,
    29296,
    29297,
    29298,
]
