// @generated contiguous source state ids 24576..=25599; do not edit
[
    27251,
    27252,
    27253,
    27254,
    27255,
    27256,
    27257,
    27258,
    27259,
    27260,
    27261,
    27262,
    27263,
    27264,
    27265,
    27266,
    27267,
    27268,
    27269,
    27270,
    27271,
    27272,
    27273,
    27274,
    27275,
    27276,
    27277,
    27278,
    27279,
    27280,
    27281,
    27282,
    27283,
    27284,
    27285,
    27286,
    27287,
    27288,
    27289,
    27290,
    27291,
    27292,
    27293,
    27294,
    27295,
    27296,
    27297,
    27298,
    27299,
    27300,
    27301,
    27302,
    27303,
    27304,
    27305,
    27306,
    27307,
    27308,
    27309,
    27310,
    27311,
    27312,
    27313,
    27314,
    27315,
    27316,
    27317,
    27318,
    27319,
    27320,
    27321,
    27322,
    27323,
    27324,
    27325,
    27326,
    27327,
    27328,
    27329,
    27330,
    27331,
    27332,
    27333,
    27334,
    27335,
    27336,
    27337,
    27338,
    27339,
    27340,
    27341,
    27342,
    27343,
    27344,
    27345,
    27346,
    27347,
    27348,
    27349,
    27350,
    27351,
    27352,
    27353,
    27354,
    27355,
    27356,
    27357,
    27358,
    27359,
    27360,
    27361,
    27362,
    27363,
    27364,
    27365,
    27366,
    27367,
    27368,
    27369,
    27370,
    27371,
    27372,
    27373,
    27374,
    27375,
    27376,
    27377,
    27378,
    27379,
    27380,
    27381,
    27382,
    27383,
    27384,
    27385,
    27386,
    27387,
    27388,
    27389,
    27390,
    27391,
    27392,
    27393,
    27394,
    27395,
    27396,
    27397,
    27398,
    27399,
    27400,
    27401,
    27402,
    27403,
    27404,
    27405,
    27406,
    27407,
    27408,
    27409,
    27410,
    27411,
    27412,
    27413,
    27414,
    27415,
    27416,
    27417,
    27418,
    27419,
    27420,
    27421,
    27422,
    27423,
    27424,
    27425,
    27426,
    27427,
    27428,
    27429,
    27430,
    27431,
    27432,
    27433,
    27434,
    27435,
    27436,
    27437,
    27438,
    27439,
    27440,
    27441,
    27442,
    27443,
    27444,
    27445,
    27446,
    27447,
    27448,
    27449,
    27450,
    27451,
    27452,
    27453,
    27454,
    27455,
    27456,
    27457,
    27458,
    27459,
    27460,
    27461,
    27462,
    27463,
    27464,
    27465,
    27466,
    27467,
    27468,
    27469,
    27470,
    27471,
    27472,
    27473,
    27474,
    27475,
    27476,
    27477,
    27478,
    27479,
    27480,
    27481,
    27482,
    27483,
    27484,
    27485,
    27486,
    27487,
    27488,
    27489,
    27490,
    27491,
    27492,
    27493,
    27494,
    27495,
    27496,
    27497,
    27498,
    27499,
    27500,
    27501,
    27502,
    27503,
    27504,
    27505,
    27506,
    27507,
    27508,
    27509,
    27510,
    27511,
    27512,
    27513,
    27514,
    27515,
    27516,
    27517,
    27518,
    27519,
    27520,
    27521,
    27522,
    27523,
    27524,
    27525,
    27526,
    27527,
    27528,
    27529,
    27530,
    27531,
    27532,
    27533,
    27534,
    27535,
    27536,
    27537,
    27538,
    27539,
    27540,
    27541,
    27542,
    27543,
    27544,
    27545,
    27546,
    27547,
    27548,
    27549,
    27550,
    27551,
    27552,
    27553,
    27554,
    27555,
    27556,
    27557,
    27558,
    27559,
    27560,
    27561,
    27562,
    27563,
    27564,
    27565,
    27566,
    27567,
    27568,
    27569,
    27570,
    27571,
    27572,
    27573,
    27574,
    27575,
    27576,
    27577,
    27578,
    27579,
    27580,
    27581,
    27582,
    27583,
    27584,
    27585,
    27586,
    27587,
    27588,
    27589,
    27590,
    27591,
    27592,
    27593,
    27594,
    27595,
    27596,
    27597,
    27598,
    27599,
    27600,
    27601,
    27602,
    27603,
    27604,
    27605,
    27606,
    27607,
    27608,
    27609,
    27610,
    27611,
    27612,
    27613,
    27614,
    27615,
    27616,
    27617,
    27618,
    27619,
    27620,
    27621,
    27622,
    27623,
    27624,
    27625,
    27626,
    27627,
    27628,
    27629,
    27630,
    27631,
    27632,
    27633,
    27634,
    27635,
    27636,
    27637,
    27638,
    27639,
    27640,
    27641,
    27642,
    27643,
    27644,
    27645,
    27646,
    27647,
    27648,
    27649,
    27650,
    27651,
    27652,
    27653,
    27654,
    27655,
    27656,
    27657,
    27658,
    27659,
    27660,
    27661,
    27662,
    27663,
    27664,
    27665,
    27666,
    27667,
    27668,
    27669,
    27670,
    27671,
    27672,
    27673,
    27674,
    27675,
    27676,
    27677,
    27678,
    27679,
    27680,
    27681,
    27682,
    27683,
    27684,
    27685,
    27686,
    27687,
    27688,
    27689,
    27690,
    27691,
    27692,
    27693,
    27694,
    27695,
    27696,
    27697,
    27698,
    27699,
    27700,
    27701,
    27702,
    27703,
    27704,
    27705,
    27706,
    27707,
    27708,
    27709,
    27710,
    27711,
    27712,
    27713,
    27714,
    27715,
    27716,
    27717,
    27718,
    27719,
    27720,
    27721,
    27722,
    27723,
    27724,
    27725,
    27726,
    27727,
    27728,
    27729,
    27730,
    27731,
    27732,
    27733,
    27734,
    27735,
    27736,
    27737,
    27738,
    27739,
    27740,
    27741,
    27742,
    27743,
    27744,
    27745,
    27746,
    27747,
    27748,
    27749,
    27750,
    27751,
    27752,
    27753,
    27754,
    27755,
    27756,
    27757,
    27758,
    27759,
    27760,
    27761,
    27762,
    27763,
    27764,
    27765,
    27766,
    27767,
    27768,
    27769,
    27770,
    27771,
    27772,
    27773,
    27774,
    27775,
    27776,
    27777,
    27778,
    27779,
    27780,
    27781,
    27782,
    27783,
    27784,
    27785,
    27790,
    27791,
    27795,
    27794,
    27793,
    27792,
    27803,
    27802,
    27801,
    27800,
    27807,
    27806,
    27805,
    27804,
    28048,
    28049,
    28050,
    28051,
    28052,
    28053,
    28054,
    28055,
    28056,
    28057,
    28058,
    28059,
    28060,
    28061,
    28062,
    28063,
    28064,
    28065,
    28066,
    28067,
    28068,
    28069,
    28070,
    28071,
    28072,
    28073,
    28074,
    28075,
    28076,
    28077,
    28078,
    28079,
    28080,
    28081,
    28082,
    28083,
    28084,
    28085,
    28086,
    28087,
    28088,
    28089,
    28090,
    28091,
    28092,
    28093,
    28094,
    28095,
    28096,
    28097,
    28098,
    28099,
    28100,
    28101,
    28102,
    28103,
    28104,
    28105,
    28106,
    28107,
    28108,
    28109,
    28110,
    28111,
    28112,
    28113,
    28114,
    28115,
    28116,
    28117,
    28118,
    28119,
    28120,
    28121,
    28122,
    28123,
    28124,
    28125,
    28126,
    28127,
    27968,
    27969,
    27970,
    27971,
    27972,
    27973,
    27974,
    27975,
    27976,
    27977,
    27978,
    27979,
    27980,
    27981,
    27982,
    27983,
    27984,
    27985,
    27986,
    27987,
    27988,
    27989,
    27990,
    27991,
    27992,
    27993,
    27994,
    27995,
    27996,
    27997,
    27998,
    27999,
    28000,
    28001,
    28002,
    28003,
    28004,
    28005,
    28006,
    28007,
    28008,
    28009,
    28010,
    28011,
    28012,
    28013,
    28014,
    28015,
    28016,
    28017,
    28018,
    28019,
    28020,
    28021,
    28022,
    28023,
    28024,
    28025,
    28026,
    28027,
    28028,
    28029,
    28030,
    28031,
    28032,
    28033,
    28034,
    28035,
    28036,
    28037,
    28038,
    28039,
    28040,
    28041,
    28042,
    28043,
    28044,
    28045,
    28046,
    28047,
    27888,
    27889,
    27890,
    27891,
    27892,
    27893,
    27894,
    27895,
    27896,
    27897,
    27898,
    27899,
    27900,
    27901,
    27902,
    27903,
    27904,
    27905,
    27906,
    27907,
    27908,
    27909,
    27910,
    27911,
    27912,
    27913,
    27914,
    27915,
    27916,
    27917,
    27918,
    27919,
    27920,
    27921,
    27922,
    27923,
    27924,
    27925,
    27926,
    27927,
    27928,
    27929,
    27930,
    27931,
    27932,
    27933,
    27934,
    27935,
    27936,
    27937,
    27938,
    27939,
    27940,
    27941,
    27942,
    27943,
    27944,
    27945,
    27946,
    27947,
    27948,
    27949,
    27950,
    27951,
    27952,
    27953,
    27954,
    27955,
    27956,
    27957,
    27958,
    27959,
    27960,
    27961,
    27962,
    27963,
    27964,
    27965,
    27966,
    27967,
    27808,
    27809,
    27810,
    27811,
    27812,
    27813,
    27814,
    27815,
    27816,
    27817,
    27818,
    27819,
    27820,
    27821,
    27822,
    27823,
    27824,
    27825,
    27826,
    27827,
    27828,
    27829,
    27830,
    27831,
    27832,
    27833,
    27834,
    27835,
    27836,
    27837,
    27838,
    27839,
    27840,
    27841,
    27842,
    27843,
    27844,
    27845,
    27846,
    27847,
    27848,
    27849,
    27850,
    27851,
    27852,
    27853,
    27854,
    27855,
    27856,
    27857,
    27858,
    27859,
    27860,
    27861,
    27862,
    27863,
    27864,
    27865,
    27866,
    27867,
    27868,
    27869,
    27870,
    27871,
    27872,
    27873,
    27874,
    27875,
    27876,
    27877,
    27878,
    27879,
    27880,
    27881,
    27882,
    27883,
    27884,
    27885,
    27886,
    27887,
    28466,
    28467,
    28468,
    28469,
    28470,
    28471,
    28460,
    28461,
    28462,
    28463,
    28464,
    28465,
    28454,
    28455,
    28456,
    28457,
    28458,
    28459,
    28448,
    28449,
    28450,
    28451,
    28452,
    28453,
    27786,
    27788,
    27787,
    27789,
    27799,
    27798,
    27797,
    27796,
    28368,
    28369,
    28370,
    28371,
    28372,
    28373,
    28374,
    28375,
    28376,
    28377,
    28378,
    28379,
    28380,
    28381,
    28382,
    28383,
    28384,
    28385,
    28386,
    28387,
    28388,
    28389,
    28390,
    28391,
    28392,
    28393,
    28394,
    28395,
    28396,
    28397,
    28398,
    28399,
    28400,
    28401,
    28402,
    28403,
    28404,
    28405,
    28406,
    28407,
    28408,
    28409,
    28410,
    28411,
    28412,
    28413,
    28414,
    28415,
    28416,
    28417,
    28418,
    28419,
    28420,
    28421,
    28422,
    28423,
    28424,
    28425,
    28426,
    28427,
    28428,
    28429,
    28430,
    28431,
    28432,
    28433,
    28434,
    28435,
    28436,
    28437,
    28438,
    28439,
    28440,
    28441,
    28442,
    28443,
    28444,
    28445,
    28446,
    28447,
    28288,
    28289,
    28290,
    28291,
    28292,
    28293,
    28294,
    28295,
    28296,
    28297,
    28298,
    28299,
    28300,
    28301,
    28302,
    28303,
    28304,
    28305,
    28306,
    28307,
    28308,
    28309,
    28310,
    28311,
    28312,
    28313,
    28314,
    28315,
    28316,
    28317,
    28318,
    28319,
    28320,
    28321,
    28322,
    28323,
    28324,
    28325,
    28326,
    28327,
    28328,
    28329,
    28330,
]
